# This is a hexadoku board with 4x4 boxes
# Difficulty: Beginner
# source: en.top-sudoku.com

16
-1 -1 -1  8 -1 -1 -1  7 -1  9 -1 -1  B  3  5  C
-1  2 -1 -1 -1  9  6 -1 -1 -1  E -1  A -1 -1 -1
-1  F -1  B  C -1 -1 -1 -1  6  8 -1 -1  4 -1 -1
-1  9  E -1 -1  A  B -1  C  F -1  3 -1 -1  D -1
-1 -1  4  5 -1 -1 -1  B -1 -1 -1 -1 -1  F -1 -1
-1 -1  A  D -1 -1  5 -1 -1 -1 -1 -1  E -1 -1 -1
-1  0 -1 -1  F -1  E  1 -1  7  5 -1  8 -1 -1 -1
 8 -1 -1 -1  A -1  C -1  1  3  6 -1 -1 -1 -1 -1
 F -1  B -1 -1  D -1 -1 -1 -1 -1 -1 -1 -1  C -1
 D -1 -1 -1 -1 -1  F  E  7 -1  2 -1 -1 -1 -1 -1
 A -1  8  C -1 -1  9 -1  F -1 -1 -1 -1 -1 -1  B
-1 -1 -1  9  8 -1 -1  6  D -1  C  E  4 -1  7 -1
-1 -1 -1 -1  9 -1 -1 -1 -1 -1 -1  4 -1  7 -1 -1
-1 -1  1 -1  5 -1 -1 -1 -1  E  7  D -1  6 -1  9
 B  D -1 -1 -1  6  1  A  2 -1 -1 -1  F -1 -1  E
-1  8  6 -1 -1 -1  4  F -1 -1 -1 -1 -1 -1  B -1
